15021 9

15022 12

15023 11

15025 17

15027 13

15028 16

15030 14

15031 14

15032 6

15033 10

15034 8

15036 20

15037 6

15038 6

15039 13

15040 14

15042 9

15043 20

15045 10

15046 8

15047 10

15048 11

15049 19

15052 19

15054 7

15055 17

15058 7

15060 19

15061 11

15062 18

15063 9

15064 8

15066 14

15067 15

15068 20

15070 9

15071 14

15072 7

15073 11

15074 19

15075 11

15076 10

15077 12

15079 13

15080 15

15083 11

15084 17

15085 14

15088 18

15089 12

15090 17

15091 7

15093 12

15094 16

15095 10

15096 12

15097 19

15098 8

15099 7

15101 7

15102 14

15104 10

15107 11

15108 8

15109 10

15110 8

15111 9

15114 16

15118 8

15119 20

15120 13

15121 15

15122 10

15123 13

15124 17

15125 7

15126 18

15128 14

15129 9

15131 12

15132 10

15134 17

15135 9

15136 11

15137 13

15141 15

15147 8

15148 19

15149 13

15153 15

15156 14

15157 20

15158 6

15160 15

15161 11

15163 11

15164 11

15165 7

15166 12

15167 15

15168 14

15169 8

15170 9

15172 7

15173 10

15174 13

15175 16

15176 13

15177 8

15178 15

15179 13

15180 12

15181 12

15182 13

15183 5

15186 13

15187 11

15191 20

15193 12

15195 13

15199 9

15200 10

15202 10

15204 19

15205 19

15206 8

15209 6

15210 15

15211 11

15216 7

15217 11

15220 16

15222 19

15223 19

15227 11

15228 20

15229 13

15230 8

15231 4

15232 16

15233 14

15234 7

15235 6

15236 9

15237 10

15238 7

15239 9

15242 15

15243 8

15244 17

15245 14

15247 12

15248 19

15250 10

15252 13

15253 12

15254 12

15255 10

15256 12

15258 7

15261 18

15262 7

15263 11

15265 18

15266 13

15270 11

15271 13

15272 6

15273 16

15274 14

